10
45
67
70
71
77
84
85
88
99
101
104
111
114
116
117
120
12289
12290
12356
12358
12362
12364
12365
12371
12373
12375
12377
12383
12387
12388
12390
12391
12392
12394
12395
12398
12399
12414
12418
12420
12424
12426
12427
12428
12434
12449
12450
12451
12452
12454
12455
12459
12461
12463
12464
12467
12469
12470
12471
12473
12475
12477
12479
12483
12486
12488
12489
12491
12495
12500
12501
12502
12503
12509
12512
12518
12521
12522
12523
12524
12527
12531
12539
12540
20013
20181
20301
20302
20307
20687
20840
20966
20986
20998
21336
21512
22269
22810
23383
23436
23481
23550
23567
24540
24615
25104
25918
25991
26085
26131
26223
26368
26412
27096
29702
30011
30340
31649
31995
32763
32972
33021
33655
34892
35299
35328
35379
35486
36000
36879
36942
37096
38480
38626
38706